Uno,uno,uno123,NULL,1,NULL,NULL
Dos,dos,dos123,NULL,1,NULL,NULL
Tres,tres,tres123,NULL,1,NULL,NULL
Cuatro,cuatro,cuatro123,NULL,1,NULL,NULL
Cinco,cinco,cinco123,NULL,1,NULL,NULL
